1.707874461306441827e+00
6.334801031882386635e-01
5.739944719111983451e-01
-1.752649688677475837e+00
2.474597707780019310e-03
-9.118159469256766902e-01
1.193778601944253559e+00
-1.423000662225677670e+00
2.226286929089591471e+00
2.272177141438322501e+00
-1.311853062486351584e+00
-9.940550430975517715e-01
8.932250720412323597e-01
-1.208572616104665487e+00
-5.758712562898713472e-01
1.294949474384861299e+00
1.293304203753694370e+00
1.943011847431353800e+00
2.987527037496200966e-01
-2.622552807797567942e-01
-1.620317926873539593e-01
-5.845811327694994119e-01
-6.382609821211063794e-01
8.695343702647649886e-01
-5.011542725918716190e-01
7.924333344341480956e-01
2.606406391247431675e-01
-1.208705493667863395e+00
5.251946390742269211e-01
1.895295928776190131e+00
1.109274677775813761e-01
1.020435202751138082e+00
4.296226681233864531e-01
-5.431428031097560449e-01
-2.319902709303834631e-01
4.465348845939279832e-01
1.951254651433585563e+00
-3.325027866204229854e-01
7.167780749814778307e-01
5.217057797950243325e-02
1.320914977877994945e+00
-2.663864391015131616e-01
-7.910476657654338384e-01
-4.710783171039674699e-01
2.028066748759171090e-01
5.601700785127546878e-01
-1.672898498646671506e+00
3.939592292948848051e-01
-8.675842230358348228e-01
1.184502995141151871e+00
3.099798227295499364e-01
3.809294831382258884e-01
7.304634381292312018e-01
-4.404089603111373541e-01
7.514530422433770562e-01
4.774423300949315885e-01
6.756408393152694147e-01
5.003449337570029520e-01
-2.138153823868377046e+00
1.490364757574236254e-01
-1.462034424464490501e+00
2.488843852809878854e+00
1.653421116414128589e+00
-1.362574605754693691e+00
5.879221409985151414e-01
-4.263656702279096100e-01
1.705746287590092503e-01
-7.688532770834568542e-01
-2.081685454396809298e+00
-1.390552170179232272e-01
-3.441866267065853968e+00
-5.121436998778227112e-01
1.862638811667355565e+00
4.595930482427235675e-01
1.143229880014222877e+00
-1.129148527966141291e+00
1.013660953344085458e+00
1.561970576499662977e+00
8.898235715354341213e-01
7.492869866167767290e-01
8.486641687161630143e-01
2.397185858035812411e-01
9.390005785720508813e-01
1.921874364055141671e+00
1.798419125559626908e+00
-4.508147428302066162e-01
-8.387160897843071172e-02
-8.134433781529215590e-02
-9.825346795287088764e-01
-1.120250643100843962e-01
4.435210085382222389e-01
1.137248431503893098e+00
4.063289912219445466e-01
-9.816800413107346079e-01
-2.799323847766546081e-01
3.123421175990898746e+00
4.508333858969451602e-01
-3.833492196568189514e-01
-6.303812536562721780e-01
4.880258378982315071e-01
